%TITLE%
 HRRRpt   260626/0000  36.68,-95.66

   LEVEL       HGHT       TEMP       DWPT       WDIR       WSPD
-------------------------------------------------------------------
%RAW%
 985.80,   213.51,    27.17,    23.47,   104.61,     4.91
 975.00,   310.50,    26.74,    22.61,   138.46,    10.94
 950.00,   540.56,    26.32,    21.29,   164.29,    21.64
 925.00,   775.93,    24.70,    20.25,   171.78,    27.34
 900.00,  1016.19,    22.93,    19.10,   177.27,    29.37
 875.00,  1261.66,    21.06,    18.41,   183.77,    29.08
 850.00,  1512.68,    19.18,    17.66,   190.68,    28.31
 825.00,  1769.57,    17.55,    16.34,   198.77,    27.80
 800.00,  2032.60,    15.98,    14.72,   208.37,    27.64
 775.00,  2302.39,    14.38,    13.16,   219.12,    27.57
 750.00,  2579.57,    12.67,    11.80,   228.01,    26.86
 725.00,  2864.24,    10.87,    10.03,   234.89,    25.71
 700.00,  3156.39,     9.09,     7.83,   240.77,    23.99
 675.00,  3457.74,     7.06,     5.25,   240.49,    21.34
 650.00,  3767.03,     4.88,     2.96,   242.93,    19.91
 625.00,  4086.14,     2.46,     1.66,   250.94,    21.59
 600.00,  4415.44,     0.49,     0.04,   259.23,    25.94
 575.00,  4756.09,    -1.25,    -1.96,   266.01,    32.48
 550.00,  5110.25,    -3.01,    -4.71,   270.79,    36.65
 525.00,  5476.93,    -4.92,    -8.34,   275.07,    39.97
 500.00,  5860.03,    -7.24,   -11.71,   277.23,    41.35
 475.00,  6256.87,    -9.77,   -15.34,   278.12,    42.63
 450.00,  6671.98,   -12.42,   -18.59,   276.04,    44.22
 425.00,  7106.84,   -15.09,   -23.40,   272.33,    46.13
 400.00,  7562.14,   -17.98,   -28.90,   268.81,    47.85
 375.00,  8040.93,   -21.14,   -31.59,   267.21,    48.70
 350.00,  8546.40,   -24.59,   -29.21,   268.72,    48.98
 325.00,  9081.73,   -28.25,   -31.59,   271.86,    48.83
 300.00,  9651.33,   -31.99,   -35.09,   278.75,    47.35
 275.00, 10260.05,   -36.25,   -39.78,   292.64,    45.14
 250.00, 10913.73,   -41.22,   -45.40,   311.52,    45.34
 225.00, 11621.00,   -46.26,   -50.15,   328.46,    41.57
 200.00, 12392.54,   -52.45,   -63.59,   337.00,    36.32
 175.00, 13242.42,   -59.24,   -74.34,   329.40,    39.19
 150.00, 14188.24,   -66.34,   -78.84,   314.79,    52.99
 125.00, 15284.62,   -67.38,   -79.71,   296.55,    44.23
 100.00, 16634.47,   -65.44,   -81.03,   293.90,    29.56
 75.00, 18388.30,   -64.08,   -81.03,   287.26,     4.53
 50.00, 20905.14,   -58.02,   -81.03,    97.39,     9.24
%END%
